Atom	Electronegativity	ElectronegativityFromH	ElectronegativityFromO	Mass	Valence	Radius01	Radius02	Radius03	Radius04	Radius05	Radius06	Radius07	Radius08	Radius09	Radius10	Radius11	Radius12	Radius13	Radius14	Xensity	MolDensity	Filling	Porosity	BulkModulus	ShearModulus	PoissonRatio	ThermalConductivity	ThermalExpansion	Superconducting	OuterPrincipal	OuterAzimuthal	OuterNelectron	OuterNnonquenched	OuterRnonquenched	OuterFillingnonquenched	DebyeTemp	HubbardU	MMSusc
H	2.2	0.000001	-1.24	1.00794	1	-0.38	-0.18	0	0	0	0	0	0	0	0	0	0	0	0	0.00009	0.000089	0	1	0	0	0	0.1805	0	0	1	0.000001	0.000001	0.000001	0.000001	0.000001	0	0	-0.4999
He	0	-2.2	-3.44	4.002602	0.000001	0	0	0	0	0	0	0	0	0	0	0	0	0	0	0.000179	0.000045	0	1	0	0	0	0.1513	0	0	1	0.000001	2	0.000001	0.000001	0.000001	0	0	-0.236
Li	0.98	-1.22	-2.46	6.94	1	0.4593	0.4984	0.5421	0.59	0.6716	0.76	0.8405	0.92	0.9864	1.0476	1.10345	1.1593	0	0	0.534	0.076945	0.085204	0.914796	11	4.2	0	85	0.000046	0	1	0.000001	2	0.000001	0.000001	0.000001	344	0	1.78
Be	1.57	-0.63	-1.87	9.012183	2	0	0	0.16	0.27	0.3636	0.45	0.5364	0.6228	0.7092	0.7956	0.882	0.9684	0	0	1.85	0.205278	0.047187	0.952813	130	132	0.032	190	0.000011	0.026	1	0.000001	2	0.000001	0.000001	0.000001	1440	0	-1.136
B	2.04	-0.16	-1.4	10.81	3	0	0	0.1	0.11	0.1959	0.27	0.3441	0.4182	0.4923	0.5664	0.6405	0.7146	0	0	2.37	0.219241	0.010886	0.989114	320	0	0	27	0.000006	0	1	0.000001	2	0.000001	0.000001	0.000001	0	0	-0.941
C	2.55	0.35	-0.89	12.011	4	0	0	0.0851	0.15	0.155	0.16	0.165	0.17	0.175	0.18	0.185	0.19	0	0	2.267	0.188744	0.00195	0.99805	33	0	0	140	0.000007	0	1	0.000001	2	0.000001	0.000001	0.000001	2230	0	-0.745
N	3.04	0.84	-0.4	14.007	-3	0	0	0	1.46	0	0	0	0	0	0	0	0	0	0	0.001251	0.000089	0	1	0	0	0	0.02583	0	0	2	1	6	0.000001	0.000001	0.000001	0	0	-1.5
F	3.98	1.78	0.54	18.998403	-1	0	1.285	1.3	1.31	1.32	1.33	1.34	1.35	1.36	1.37	1.38	1.39	0	0	0.001696	0.000089	0.00053	0.99947	0	0	0	0.0277	0	0	2	1	6	0.000001	0.000001	0.000001	0	0	0
Ne	0	-2.2	-3.44	20.1797	0.000001	0	0	0	0	0	0	0	0	0	0	0	0	0	0	0.0009	0.000045	0	1	0	0	0	0.0491	0	0	2	1	6	0.000001	0.000001	0.000001	75	0	-0.827
Na	0.93	-1.27	-2.51	22.989769	1	0.8849	0.9304	0.9653	0.99	1	1.02	1.12	1.18	1.24	1.2956	1.3456	1.39	0	0	0.97	0.042193	0.112948	0.887052	6.3	3.3	0	140	0.00007	0	3	0.000001	0.000001	0.000001	0.000001	0.000001	158	0	2
Mg	1.31	-0.89	-2.13	24.305	2	0	0	0.4813	0.57	0.66	0.72	0.78	0.89	1	1.11	1.22	1.33	0	0	1.74	0.07159	0.067405	0.932595	45	17	0.29	160	0.000025	0	3	0.000001	0.000001	0.000001	0.000001	0.000001	400	0	1.68
Al	1.61	-0.59	-1.83	26.981538	3	0	0	0.2975	0.39	0.48	0.535	0.5957	0.89	0.89	0.89	0.89	0.89	0	0	2.7	0.100068	0.038654	0.961346	76	26	0.35	235	0.000023	1.175	2	1	6	0.000001	0.000001	0.000001	428	0	2.1
Si	1.9	-0.3	-1.54	28.085	4	0	0	0	0.26	0.3363	0.4	0.4598	0.5196	0.5794	0.6392	0.699	0.7588	0	0	2.3296	0.082948	0.013391	0.986609	100	0	0	150	0.000003	0	2	1	6	0.000001	0.000001	0.000001	645	0	-0.449
P	2.19	-0.01	-1.25	30.973762	5	0	0	0	0.17	0.29	0.38	0.47	0.56	0.65	0.74	0.83	0.92	0	0	1.82	0.058759	0.008133	0.991867	11	0	0	0.236	0	0	2	1	6	0.000001	0.000001	0.000001	0	0	-3.5
S	2.58	0.38	-0.86	32.06	-2	0	0	0	0	0	1.84	0	0	0	0	0	0	0	0	2.067	0.064473	1	0	7.7	0	0	0.205	0	0	3	1	6	0.000001	0.000001	0.000001	0	0	-1.99
Cl	3.16	0.96	-0.28	35.45	-1	0	0	0	0	0	1.81	0	0	0	0	0	0	0	0	0.003214	0.000091	0.001356	0.998644	1.1	0	0	0.0089	0	0	3	1	6	0.000001	0.000001	0.000001	0	0	-5.11
Ar	0	-2.2	-3.44	39.948	0.000001	0	0	0	0	0	0	0	0	0	0	0	0	0	0	0.001784	0.000045	0	1	0	0	0	0.01772	0	0	3	1	6	0.000001	0.000001	0.000001	92	0	-2.4
K	0.82	-1.38	-2.62	39.0983	1	1.2541	1.3093	1.3478	1.37	1.365	1.38	1.46	1.41	1.55	1.59	1.6167	1.64	1.6704	0	0.89	0.022763	0.150907	0.849093	3.1	1.3	0	100	0	0	3	1	6	0.000001	0.000001	0.000001	91	0	2.62
Ca	1	-1.2	-2.44	40.078	2	0.6284	0.7118	0.7924	0.8679	0.9368	1	1.06	1.12	1.18	1.23	1.2836	1.34	0	0	1.54	0.038425	0.096929	0.903071	17	7.4	0.31	200	0.000022	0	3	1	6	0.000001	0.000001	0.000001	230	0	5.531
Sc	1.36	-0.84	-2.08	44.955908	3	0	0	0	0.5846	0.6648	0.745	0.8084	0.87	0.9349	0.9957	1.0565	1.1173	0	0	2.99	0.06651	0.069373	0.930627	57	29	0.28	16	0.00001	0.05	3	1	6	0.000001	0.000001	0.000001	360	1.921	39.56
Ti	1.54	-0.66	-1.9	47.867	4	0.1494	0.238	0.3294	0.42	0.51	0.605	0.6725	0.74	0.7964	0.8464	0.8964	0.9464	0	0	4.5	0.09401	0.052515	0.947485	110	44	0.32	22	0.000009	0.4	3	1	6	0.000001	0.000001	0.000001	420	4.907	19.19
V	1.63	-0.57	-1.81	50.9415	5	0.048	0.1464	0.2503	0.355	0.46	0.54	0.58585	0.6317	0.67755	0.7234	0.76925	0.8151	0	0	6	0.117782	0.046784	0.953216	160	47	0.37	31	0.000008	5.4	3	1	6	0.000001	0.000001	0.000001	380	4.123	31.99
Cr	1.66	-0.54	-1.78	51.9961	6	0	0	0	0.26	0.3556	0.44	0.5244	0.6088	0.6932	0.7776	0.862	0.9464	0	0	7.15	0.13751	0.029548	0.970452	160	115	0.21	94	0.000005	0	3	1	6	0.000001	0.000001	0.000001	630	2.906	23.14
Mn	1.55	-0.65	-1.89	54.938044	4	0	0	0	0.39	0.4708	0.53	0.5892	0.6484	0.7076	0.7668	0.826	0.8852	0	0	7.3	0.132877	0.049902	0.950098	120	0	0	7.7	0.000022	0	3	2	3	3	0.3	0.016634	410	4.792	66.475
Fe	1.83	-0.37	-1.61	55.845	3	0	0	0	0.49	0.58	0.645	0.7114	0.78	0.8486	0.9172	0.9858	1.0544	0	0	7.874	0.140997	0.09544	0.90456	170	82	0.29	79	0.000012	0	3	2	5	5	0.5	0.019088	470	4.659	0
Co	1.88	-0.32	-1.56	58.933194	2	0	0	0.4876	0.58	0.67	0.745	0.8157	0.9	0.9704	1.0408	1.1112	1.1816	0	0	8.86	0.15034	0.156813	0.843187	180	76	0.31	100	0.000013	0	3	2	7	3	0.3	0.052271	445	5.159	0
Ni	1.91	-0.29	-1.53	58.6934	2	0	0	0	0.55	0.63	0.69	0.7787	0.8679	0.9514	1.0349	1.1184	1.2019	0	0	8.912	0.15184	0.125827	0.874173	180	76	0.31	91	0.000013	0	3	2	8	2	0.2	0.062913	450	5.849	0
Cu	1.9	-0.3	-1.54	63.546	2	0	0.378	0.4771	0.57	0.65	0.73	0.7994	0.8776	0.9545	1.0253	1.08845	1.1516	0	0	8.933	0.140575	0.137949	0.862051	140	48	0.34	400	0.000017	0	3	2	9	1	0.1	0.137949	343	7.773	-0.686
Zn	1.65	-0.55	-1.79	65.38	2	0.2949	0.399	0.5026	0.6	0.68	0.74	0.8174	0.9	0.9665	1.033	1.0995	1.166	0	0	7.134	0.109116	0.111538	0.888462	70	43	0.25	120	0.00003	0.85	3	2	10	0.000001	0.000001	0.000001	327	1.917	-1.45
Ga	1.81	-0.39	-1.63	69.723	3	0	0	0	0.47	0.55	0.62	0.6875	0.7541	0.8207	0.8873	0.9539	1.0205	0	0	5.91	0.084764	0.05096	0.94904	0	0	0	29	0.00012	1.083	3	2	10	0.000001	0.000001	0.000001	320	0	-2.09
Ge	2.01	-0.19	-1.43	72.63	4	0	0	0.3116	0.39	0.4616	0.53	0.5837	0.6401	0.6965	0.7529	0.8093	0.8657	0	0	5.323	0.073289	0.027524	0.972476	0	0	0	60	0.000006	0	3	2	10	0.000001	0.000001	0.000001	374	0	-1.09
As	2.18	-0.02	-1.26	74.921595	5	0	0	0.2574	0.335	0.3997	0.46	0.5163	0.5726	0.6289	0.6852	0.7415	0.7978	0	0	5.776	0.077094	0.018929	0.981071	22	0	0	50	0	0	3	2	10	0.000001	0.000001	0.000001	282	0	-2.92
Se	2.55	0.35	-0.89	78.971	-2	0	0	0	0	0	1.98	0	0	0	0	0	0	0	0	4.809	0.060896	1	0	8.3	3.7	0.33	0.52	0	0	4	1	6	0.000001	0.000001	0.000001	90	0	-3.16
Br	2.96	0.76	-0.48	79.904	-1	0	0	0	0	0	1.96	0	0	0	0	0	0	0	0	3.11	0.038922	0.739264	0.260736	1.9	0	0	0.12	0	0	4	1	6	0.000001	0.000001	0.000001	0	0	-7.83
Kr	3	0.8	-0.44	83.798	0.000001	0	0	0	0	0	0	0	0	0	0	0	0	0	0	0.003733	0.000045	0	1	0	0	0	0.00943	0	0	4	1	6	0.000001	0.000001	0.000001	72	0	-3.69
Rb	0.82	-1.38	-2.62	85.4678	1	1.1378	1.2298	1.3167	1.3952	1.4625	1.52	1.56	1.61	1.63	1.66	1.69	1.72	1.769	1.83	1.53	0.017901	0.158584	0.841416	2.5	0	0	58	0	0	4	1	6	0.000001	0.000001	0.000001	56	0	2.22
Sr	0.95	-1.25	-2.49	87.62	2	0.8653	0.9482	1.0248	1.0907	1.1422	1.18	1.21	1.26	1.31	1.36	1.4018	1.44	0	0	2.64	0.03013	0.124878	0.875122	0	6.1	0.28	35	0.000023	0	4	1	6	0.000001	0.000001	0.000001	147	0	1.16
Y	1.22	-0.98	-2.22	88.90584	3	0	0.6323	0.705	0.7732	0.8373	0.9	0.96	1.019	1.075	1.1258	1.1744	1.223	0	0	4.47	0.050278	0.092458	0.907542	41	26	0.24	17	0.000011	1.3	4	1	6	0.000001	0.000001	0.000001	280	4.302	59.21
Zr	1.33	-0.87	-2.11	91.224	4	0	0	0	0.59	0.66	0.72	0.78	0.84	0.89	0.9437	0.9974	1.0511	0	0	6.52	0.071472	0.067294	0.932706	0	33	0.34	23	0.000006	0.61	4	1	6	0.000001	0.000001	0.000001	291	4.199	15.3
Nb	1.6	-0.6	-1.84	92.90637	5	0	0	0	0.48	0.5662	0.64	0.69	0.74	0.79	0.84	0.89	0.94	0	0	8.57	0.092243	0.060998	0.939002	170	38	0.4	54	0.000007	9.25	4	1	6	0.000001	0.000001	0.000001	275	0.536	25.6
Mo	2.16	-0.04	-1.28	95.95	6	0	0.2267	0.3176	0.41	0.5	0.59	0.73	0.8071	0.8842	0.9613	1.0384	1.1155	0	0	10.2	0.106305	0.055075	0.944925	230	20	0.31	139	0.000005	0.915	4	1	6	0.000001	0.000001	0.000001	450	2.561	11.22
Tc	1.9	-0.3	-1.54	98	7	0	0	0	0.37	0.4657	0.56	0.6564	0.7528	0.8492	0.9456	1.042	1.1384	0	0	11	0.112245	0.049724	0.950276	0	0	0	51	0	7.7	4	1	6	0.000001	0.000001	0.000001	0	2.946	33.52
Ru	2.2	0.000001	-1.24	101.07	4	0	0	0	0.4902	0.5551	0.62	0.6849	0.7474	0.8099	0.8724	0.9349	0.9974	0	0	12.1	0.119719	0.071974	0.928026	220	173	0.3	120	0.000006	0.49	4	2	6	0.000001	0.000001	0.000001	600	3	5.48
Rh	2.28	0.08	-1.16	102.9055	3	0	0	0	0.5	0.5825	0.665	0.7475	0.83	0.9125	0.995	1.0775	1.16	0	0	12.4	0.120499	0.08939	0.91061	380	150	0.26	150	0.000008	0	4	2	6	0.000001	0.000001	0.000001	480	1.528	14
Pd	2.2	0.000001	-1.24	106.42	2	0	0.5006	0	0.7149	0.78745	0.86	0.9432	1.0213	1.0944	1.1675	1.2406	1.3137	0	0	12	0.112761	0.180923	0.819077	180	44	0.39	71	0.000012	0	4	2	8	2	0.5	0.090461	274	3.757	69.92
Ag	1.93	-0.27	-1.51	107.8682	1	0.5329	0.67	0.8435	1	1.09	1.15	1.22	1.28	1.3441	1.4054	1.4644	1.5213	0	0	10.501	0.09735	0.373482	0.626517	100	30	0.37	430	0.000019	0	4	2	10	0.000001	0.000001	0.000001	225	2.254	-2.45
Cd	1.69	-0.51	-1.75	112.414	2	0	0.5454	0.669	0.78	0.87	0.95	1.03	1.1	1.1579	1.211	1.2605	1.31	0	0	8.69	0.077304	0.16719	0.83281	42	19	0.3	96	0.000031	0.517	4	2	10	0.000001	0.000001	0.000001	209	0.238	-2.59
In	1.78	-0.42	-1.66	114.818	3	0	0	0.5342	0.62	0.714	0.8	0.8625	0.92	0.9775	1.035	1.0925	1.15	0	0	7.31	0.063666	0.082227	0.917773	0	0	0	82	0.000032	3.41	4	2	10	0.000001	0.000001	0.000001	108	0	-1.61
Sn	1.96	-0.24	-1.48	118.71	4	0	0	0	0.55	0.62	0.69	0.75	0.81	0.87	0.93	0.99	1.05	0	0	7.287	0.061385	0.050868	0.949132	58	18	0.36	67	0.000022	3.72	4	2	10	0.000001	0.000001	0.000001	200	0	-3.68
Sb	2.05	-0.15	-1.39	121.76	5	0	0	0.3833	0.4808	0.5404	0.6	0.6596	0.7192	0.7788	0.8384	0.898	0.9576	0	0	6.685	0.054903	0.029915	0.970085	42	20	0	24	0.000011	0	4	2	10	0.000001	0.000001	0.000001	211	0	-13.27
Te	2.1	-0.1	-1.34	127.6	4	0	0.4201	0.52	0.66	0.7339	0.97	0.8431	0.8977	0.9578	1.0224	1.087	1.1516	0	0	6.232	0.04884	0.112443	0.887557	64	16	0	3	0	0	5	0.000001	2	0.000001	0.000001	0.000001	153	0	-4.98
I	2.66	0.46	-0.78	126.90447	-1	0	0	0	0	0	2.2	0	0	0	0	0	0	0	0	4.93	0.038848	1	0	7.7	0	0	0.449	0	0	5	1	6	0.000001	0.000001	0.000001	0	0	-11.4
Xe	2.6	0.4	-0.84	131.293	0.000001	0	0	0	0	0	0	0	0	0	0	0	0	0	0	0.005887	0.000045	0	1	0	0	0	0.00565	0	0	5	1	6	0.000001	0.000001	0.000001	64	0	-5.65
Cs	0.79	-1.41	-2.65	132.905452	1	1.4931	1.5384	1.578	1.6125	1.6433	1.67	1.7057	1.74	1.78	1.81	1.85	1.88	1.9224	0	1.93	0.014522	0.17061	0.82939	1.6	0	0	36	0	0	5	1	6	0.000001	0.000001	0.000001	38	0	3.72
Ba	0.89	-1.31	-2.55	137.327	2	0.9716	1.0509	1.1318	1.2122	1.287	1.35	1.38	1.42	1.47	1.52	1.57	1.61	0	0	3.62	0.02636	0.163604	0.836396	9.4	4.9	0	18	0.000021	0	5	1	6	0.000001	0.000001	0.000001	110	0	15.52
La	1.1	-1.1	-2.34	138.90547	3	0.7285	0.797	0.8636	0.9254	0.9801	1.032	1.1	1.16	1.216	1.27	1.3194	1.36	0	0	6.15	0.044275	0.122754	0.877246	28	14	0.28	13	0.000012	4.88	5	1	6	0.000001	0.000001	0.000001	142	0	15.28
Ce	1.12	-1.08	-2.32	140.116	3	0	0	0	0.9039	0.9584	1.01	1.07	1.143	1.196	1.25	1.2938	1.34	0	0	6.77	0.048317	0.125575	0.874425	22	14	0.24	11	0.000006	0.022	4	3	1	1	0.071429	0.125575	200	4.9	308.26
Pr	1.13	-1.07	-2.31	140.90766	3	0.6897	0.7567	0.8225	0.8843	0.9399	0.99	1.0561	1.126	1.179	1.228	1.2688	1.3043	0	0	6.77	0.048046	0.117598	0.882402	29	15	0.28	13	0.000007	0	4	3	2	2	0.142857	0.058799	200	5.6	596.04
Nd	1.14	-1.06	-2.3	144.242	3	0.6716	0.7382	0.8039	0.8665	0.9243	0.983	1.0425	1.109	1.163	1.2087	1.2456	1.27	0	0	7.01	0.048599	0.116446	0.883554	32	16	0.28	17	0.00001	0	4	3	3	3	0.214286	0.038815	200	6.7	692.35
Pm	1.13	-1.07	-2.31	145	3	0	0	0	0.847	0.9085	0.97	1.0315	1.093	1.144	1.195	1.246	1.297	0	0	7.26	0.050069	0.115272	0.884728	33	18	0.28	15	0.000011	0	4	3	4	4	0.285714	0.028818	200	7.1	0
Sm	1.17	-1.03	-2.27	150.36	3	0.6383	0.7045	0.7707	0.8354	0.8977	0.958	1.02	1.079	1.132	1.1758	1.2084	1.24	0	0	7.52	0.050013	0.110923	0.889077	38	20	0.27	13	0.000013	0	4	3	5	5	0.357143	0.022185	200	5.7	166.9
Eu	1.2	-1	-2.24	152	3	0.623	0.6893	0	0.8215	0.8854	0.947	1.01	1.066	1.12	1.1624	1.1943	1.2238	0	0	5.24	0.034474	0.073855	0.926145	8.3	7.9	0.15	14	0.000035	1.8	4	3	6	6	0.428571	0.012309	200	10.7	419.42
Gd	1.2	-1	-2.24	157.25	3	0.6087	0.675	0	0.8084	0.8734	0.938	1	1.053	1.107	1.1503	1.181	1.2117	0	0	7.9	0.050238	0.104589	0.895411	38	22	0.26	11	0.000009	0	4	3	7	7	0.5	0.014941	200	12.3	0
Tb	1.1	-1.1	-2.34	158.92535	3	0.5952	0.6617	0	0.8002	0.8616	0.923	0.98	1.04	1.095	1.1393	1.1702	1.2011	0	0	8.23	0.051785	0.102719	0.897281	38.7	22	0.26	11	0.00001	0	4	3	8	6	0.428571	0.01712	200	5.5	21613.85
Dy	1.22	-0.98	-2.22	162.5	3	0	0.6492	0.7167	0.7842	0.8501	0.912	0.97	1.027	1.083	1.129	1.16035	1.1917	0	0	8.55	0.052615	0.100679	0.899321	41	25	0.25	11	0.00001	0	4	3	9	5	0.357143	0.020136	210	6.5	8856.25
Ho	1.23	-0.97	-2.21	164.93033	3	0	0.6375	0.7053	0.773	0.8391	0.901	0.9569	1.015	1.072	1.12	1.1531	1.1833	0	0	8.8	0.053356	0.098446	0.901554	40	26	0.23	16	0.000011	0	4	3	10	4	0.285714	0.024611	200	7.2	9054.67
Er	1.24	-0.96	-2.2	167.259	3	0	0.6266	0.6946	0.767	0.8285	0.89	0.945	1.004	1.062	1.1094	1.1568	1.2042	0	0	9.07	0.054227	0.096433	0.903567	44	28	0.24	15	0.000012	0	4	3	11	3	0.214286	0.032144	200	7.6	6305.66
Tm	1.25	-0.95	-2.19	168.93422	3	0	0	0.6845	0.7702	0.8251	0.88	0.9349	0.994	1.052	1.0997	1.1339	1.1681	0	0	9.32	0.055169	0.094839	0.905161	45	31	0.21	17	0.000013	0	4	3	12	2	0.142857	0.047419	200	6.7	3361.79
Yb	1.1	-1.1	-2.34	173.045	3	0	0.6067	0.675	0.749	0.8085	0.868	0.925	0.985	1.042	1.0903	1.1257	1.1611	0	0	6.9	0.039874	0.065779	0.934221	31	10	0.21	39	0.000026	0	4	3	13	1	0.071429	0.065779	120	0	10.2
Lu	1.27	-0.93	-2.17	174.9668	3	0	0.5747	0.6464	0.7196	0.7903	0.861	0.9176	0.977	1.032	1.0789	1.1258	1.1727	0	0	9.84	0.056239	0.09055	0.90945	48	27	0.26	16	0.00001	0.1	4	3	14	0.000001	0.000001	0.000001	210	0	2.1
Hf	1.3	-0.9	-2.14	178.49	4	0	0	0	0.58	0.645	0.71	0.76	0.83	0.9	0.97	1.04	1.11	0	0	13.3	0.074514	0.067275	0.932725	110	30	0.37	23	0.000006	0.128	4	3	14	0.000001	0.000001	0.000001	252	3.515	9.46
Ta	1.5	-0.7	-1.94	180.94788	5	0	0	0	0.4962	0.5736	0.64	0.69	0.74	0.79	0.84	0.89	0.94	0	0	16.4	0.090634	0.059934	0.940066	200	67	0.34	57	0.000006	4.47	4	3	14	0.000001	0.000001	0.000001	240	3.733	19.36
W	2.36	0.16	-1.08	183.84	6	0	0	0.3367	0.42	0.51	0.6	0.6631	0.7187	0.7743	0.8299	0.8855	0.9411	0	0	19.3	0.104983	0.057202	0.942798	310	161	0.28	170	0.000005	0.015	4	3	14	0.000001	0.000001	0.000001	400	1.844	8.44
Re	1.9	-0.3	-1.54	186.207	7	0	0	0	0.38	0.4579	0.53	0.5979	0.6658	0.7337	0.8016	0.8695	0.9374	0	0	20.8	0.111704	0.04195	0.95805	370	178	0.3	48	0.000006	1.7	4	3	14	0.000001	0.000001	0.000001	430	0.62	8.49
Os	2.2	0.000001	-1.24	190.23	4	0	0	0	0	0	0.63	0	0	0	0	0	0	0	0	22.57	0.118646	0.074837	0.925163	0	222	0.25	87	0.000005	0.66	5	2	4	2	0.333333	0.037418	500	1.911	1.1
Ir	2.2	0.000001	-1.24	192.217	4	0	0	0	0.4785	0.55175	0.625	0.69825	0.7715	0.84475	0.918	0.99125	1.0645	0	0	22.42	0.116639	0.071833	0.928167	320	210	0.26	150	0.000006	0.11	5	2	5	1	0.166667	0.071833	420	1.902	3.21
Pt	2.28	0.08	-1.16	195.084	2	0	0.6017	0	0.8227	0.81135	0.8	1.0468	1.1047	1.1626	1.2205	1.2784	1.3363	0	0	21.46	0.110004	0.142075	0.857925	230	61	0.38	71	0.000009	0	5	2	8	2	0.5	0.071037	240	1.554	23.8
Au	2.54	0.34	-0.9	196.966569	3	0	0	0	0.685	0.7722	0.85	0.88985	0.9297	0.9794	1.0291	1.08545	1.1418	0	0	19.282	0.097895	0.151655	0.848345	220	27	0.44	320	0.000014	0	5	2	8	2	0.5	0.075827	165	1.12	-3.51
Hg	2	-0.2	-1.44	200.592	1	0.6784	0.8199	0.97	1.1319	1.269	1.19	1.4382	1.4848	1.5213	1.554	1.5867	1.6194	0	0	13.5336	0.067468	0.286801	0.713199	25	0	0	8.3	0.000181	4.154	6	0.000001	1	1	0.5	0.286801	71.9	0.521	-4.21
Tl	1.62	-0.58	-1.82	204.38	3	0.4459	0.5541	0.6582	0.75	0.8264	0.885	0.9328	0.98	1.0404	1.1008	1.1612	1.2138	0	0	11.8	0.057736	0.100952	0.899048	43	2.8	0.45	46	0.00003	2.38	5	2	10	0.000001	0.000001	0.000001	78.5	0	-6.13
Pb	2.33	0.13	-1.11	207.2	2	0.6395	0.7564	0.8742	0.98	1.1015	1.19	1.23	1.29	1.35	1.4	1.45	1.49	0	0	11.342	0.054739	0.232691	0.767309	46	5.6	0.44	35	0.000029	7.2	6	0.000001	2	0.000001	0.000001	0.000001	105	0	-3.11
Bi	2.02	-0.18	-1.42	208.9804	3	0.5571	0.6612	0.7666	0.8679	0.96	1.03	1.0998	1.17	1.2276	1.282	1.332	1.3801	0	0	9.807	0.046928	0.129355	0.870645	31	12	0.33	8	0.000013	0	6	0.000001	2	0.000001	0.000001	0.000001	119	0	-36
Po	2	-0.2	-1.44	209	4	0	0	0	0.8	0.87	0.94	1.01	1.08	1.15	1.22	1.29	1.36	0	0	9.32	0.044593	0.093431	0.906569	0	0	0	0	0	0	6	0.000001	2	0.000001	0.000001	0.000001	0	0	0
At	2.2	0.000001	-1.24	210	-1	0	0	0	0	0	0	0	0	0	0	0	0	0	0	7	0.033333	0	1	0	0	0	2	0	0	6	1	6	0.000001	0.000001	0.000001	0	0	0
Rn	2.2	0.000001	-1.24	222	0.000001	0	0	0	0	0	0	0	0	0	0	0	0	0	0	0.00973	0.000044	0	1	0	0	0	0.00361	0	0	6	1	6	0.000001	0.000001	0.000001	0	0	0
Fr	0.7	-1.5	-2.74	223	1	0	0	0	0	0	1.8	0	0	0	0	0	0	0	0	0	0	0	1	0	0	0	0	0	0	6	1	6	0.000001	0.000001	0.000001	0	0	0
Ra	0.9	-1.3	-2.54	226	2	0	0	0	1.26	1.315	1.37	1.425	1.48	1.535	1.59	1.645	1.7	0	0	5	0.022124	0	1	0	0	0	19	0	0	6	1	6	0.000001	0.000001	0.000001	0	0	0
Ac	1.1	-1.1	-2.34	227	3	0	0	0	0.9948	1.0574	1.12	1.1826	1.2452	1.3078	1.3704	1.433	1.4956	0	0	10.07	0.044361	0.157216	0.842784	0	0	0	12	0	0	6	1	6	0.000001	0.000001	0.000001	0	0	0
Th	1.3	-0.9	-2.14	232.0377	4	0	0	0	0.8033	0.8684	0.94	0.9955	1.05	1.09	1.13	1.18	1.21	0	0	11.72	0.050509	0.105826	0.894174	54	31	0.27	54	0.000011	1.38	6	1	6	0.000001	0.000001	0.000001	153	0	17
Pa	1.5	-0.7	-1.94	231.03588	5	0	0	0	0.65	0.715	0.78	0.845	0.91	0.95	0.99	1.03	1.07	0	0	15.37	0.066526	0.079638	0.920362	0	0	0	47	0	1.41	6	1	6	0.000001	0.000001	0.000001	0	0	75.09
U	1.38	-0.82	-2.06	238.02891	6	0	0.45	0.4766	0.52	0.6242	0.73	0.81	0.86	0.91	0.96	1.01	1.06	0	0	18.95	0.079612	0.078125	0.921875	100	111	0.23	27	0.000014	0.69	6	1	6	0.000001	0.000001	0.000001	207	0	51.4
Np	1.36	-0.84	-2.08	237	5	0	0.5105	0	0.5958	0.6729	0.75	0.8248	0.8805	0.9362	0.9919	1.0476	1.1033	0	0	20.25	0.085443	0.090928	0.909072	0	0	0	6	0	0	5	3	3	3	0.214286	0.030309	0	0	0
Pu	1.28	-0.92	-2.16	244	4	0	0	0	0.7456	0.8028	0.86	0.9172	0.96	1.0028	1.0456	1.0884	1.1312	0	0	19.84	0.081311	0.130463	0.869537	0	43	0.21	6	0	0	5	3	4	4	0.285714	0.032616	0	0	77.35
Am	1.3	-0.9	-2.14	243	3	0	0	0	0.86	0.9175	0.975	1.0325	1.09	1.1475	1.205	1.2625	1.32	0	0	13.69	0.056337	0.13172	0.86828	0	0	0	10	0	0.6	5	3	6	6	0.428571	0.021953	0	0	125.1
Cm	1.3	-0.9	-2.14	247	3	0	0	0	0	0	0.97	0	0	0	0	0	0	0	0	13.51	0.054696	0.125925	0.874075	0	0	0	0	0	0	5	3	7	7	0.5	0.017989	0	0	0
Bk	1.3	-0.9	-2.14	247	3	0	0	0	0	0	0.96	0	0	0	0	0	0	0	0	14	0.05668	0.126498	0.873502	0	0	0	10	0	0	5	3	8	6	0.428571	0.021083	0	0	0
Cf	1.3	-0.9	-2.14	251	3	0	0	0	0	0	0.95	0	0	0	0	0	0	0	0	0	0	0	1	0	0	0	0	0	0	5	3	9	5	0.357143	0.000001	0	0	0
Es	1.3	-0.9	-2.14	252	3	0	0	0	0	0	0	0	0	0	0	0	0	0	0	0	0	0	1	0	0	0	0	0	0	5	3	10	4	0.285714	0.000001	0	0	0
Fm	1.3	-0.9	-2.14	257	3	0	0	0	0	0	0	0	0	0	0	0	0	0	0	0	0	0	1	0	0	0	0	0	0	5	3	11	3	0.214286	0.000001	0	0	0
Md	1.3	-0.9	-2.14	258	3	0	0	0	0	0	0	0	0	0	0	0	0	0	0	0	0	0	1	0	0	0	0	0	0	5	3	12	2	0.142857	0.000001	0	0	0
No	1.3	-0.9	-2.14	259	2	0	0	0	0	0	0	0	0	0	0	0	0	0	0	0	0	0	1	0	0	0	0	0	0	5	3	13	1	0.071429	0.000001	0	0	0
Lr	1.3	-0.9	-2.14	266	3	0	0	0	0	0	0	0	0	0	0	0	0	0	0	0	0	0	1	0	0	0	0	0	0	5	3	14	0.000001	0.000001	0.000001	0	0	0
Rf	0	-2.2	-3.44	267	4	0	0	0	0	0	0	0	0	0	0	0	0	0	0	0	0	0	1	0	0	0	0	0	0	5	3	14	0.000001	0.000001	0.000001	0	0	0
Db	0	-2.2	-3.44	270	5	0	0	0	0	0	0	0	0	0	0	0	0	0	0	0	0	0	1	0	0	0	0	0	0	5	3	14	0.000001	0.000001	0.000001	0	0	0
Sg	0	-2.2	-3.44	271	6	0	0	0	0	0	0	0	0	0	0	0	0	0	0	0	0	0	1	0	0	0	0	0	0	5	3	14	0.000001	0.000001	0.000001	0	0	0
Bh	0	-2.2	-3.44	274	7	0	0	0	0	0	0	0	0	0	0	0	0	0	0	0	0	0	1	0	0	0	0	0	0	5	3	14	0.000001	0.000001	0.000001	0	0	0
Hs	0	-2.2	-3.44	277	8	0	0	0	0	0	0	0	0	0	0	0	0	0	0	0	0	0	1	0	0	0	0	0	0	5	3	14	0.000001	0.000001	0.000001	0	0	0
Mt	0	-2.2	-3.44	278	4	0	0	0	0	0	0	0	0	0	0	0	0	0	0	0	0	0	1	0	0	0	0	0	0	6	2	4	4	0.666667	0.000001	0	0	0
Ds	0	-2.2	-3.44	281	0.000001	0	0	0	0	0	0	0	0	0	0	0	0	0	0	0	0	0	1	0	0	0	0	0	0	7	0.000001	2	0.000001	0.000001	0.000001	0	0	0
Rg	0	-2.2	-3.44	282	0.000001	0	0	0	0	0	0	0	0	0	0	0	0	0	0	0	0	0	1	0	0	0	0	0	0	7	0.000001	2	0.000001	0.000001	0.000001	0	0	0
Cn	0	-2.2	-3.44	285	0.000001	0	0	0	0	0	0	0	0	0	0	0	0	0	0	0	0	0	1	0	0	0	0	0	0	7	0.000001	2	0.000001	0.000001	0.000001	0	0	0
Nh	0	-2.2	-3.44	286	0.000001	0	0	0	0	0	0	0	0	0	0	0	0	0	0	0	0	0	1	0	0	0	0	0	0	7	1	1	1	0.166667	0.000001	0	0	0
Fl	0	-2.2	-3.44	289	0.000001	0	0	0	0	0	0	0	0	0	0	0	0	0	0	0	0	0	1	0	0	0	0	0	0	7	1	2	2	0.333333	0.000001	0	0	0
Mc	0	-2.2	-3.44	290	0.000001	0	0	0	0	0	0	0	0	0	0	0	0	0	0	0	0	0	1	0	0	0	0	0	0	7	1	3	3	0.5	0.000001	0	0	0
Lv	0	-2.2	-3.44	293	0.000001	0	0	0	0	0	0	0	0	0	0	0	0	0	0	0	0	0	1	0	0	0	0	0	0	7	1	4	2	0.333333	0.000001	0	0	0
Ts	0	-2.2	-3.44	294	0.000001	0	0	0	0	0	0	0	0	0	0	0	0	0	0	0	0	0	1	0	0	0	0	0	0	7	1	5	1	0.166667	0.000001	0	0	0
Og	0	-2.2	-3.44	294	0.000001	0	0	0	0	0	0	0	0	0	0	0	0	0	0	0	0	0	1	0	0	0	0	0	0	7	1	6	0.000001	0.000001	0.000001	0	0	0
Mm	1.1	-1.1	-2.34	141	3	0.7285	0.797	0.8636	0.9254	0.9801	1.032	1.1	1.16	1.216	1.27	1.3194	1.36	0	0	6.7	0.047518	0.131745	0.868255	28	14	0.28	13	0.000012	0	5	1	6	0.000001	0.000001	0.000001	200	0	15.28
Lm	1.1	-1.1	-2.34	138.90547	3	0.7285	0.797	0.8636	0.9254	0.9801	1.032	1.1	1.16	1.216	1.27	1.3194	1.36	0	0	6.15	0.044275	0.122754	0.877246	28	14	0.28	13	0.000012	0	5	1	6	0.000001	0.000001	0.000001	200	0	15.28
O	3.44	1.24	0.000001	15.999	-2	0	1.35	1.36	1.38	1.39	1.4	1.41	1.42	1.43	1.44	1.45	1.46	0	0	0.001429	0.000089	0.000618	0.999382	0	0	0	0.02658	0	0	2	1	6	0.000001	0.000001	0.000001	0	0	427.184
STOP